0.902569
0.901600
0.901600
0.901115
0.900630
0.899661
0.905962
0.911779
0.914203
0.916626
0.919535
0.919535
0.917596
0.918080
0.915172
0.910810
0.915172
0.908871
0.907901
0.906932
0.904023
0.902084
0.902569
0.902569
0.901115
0.900630
0.899176
0.897722
0.897722
0.897722
0.896752
0.897237
0.896752
0.896752
0.896752
0.896752
0.896752
0.897237
0.897237
0.896752
0.896752
0.896752
0.896752
0.896752
0.896752
0.896752
0.896752
0.896752
0.896752
0.896752
0.896752
0.896752
0.896752
0.896752
0.896752
0.896752
0.896752
0.896752
0.896752
0.896752
0.896752
0.896752
0.896752
0.896752
0.896752
0.896752
0.896752
0.896752
0.896752
0.896752
0.896752
0.896752
0.896752
0.896752
0.896752
0.896752
0.896752
0.896752
0.896752
0.896752
0.896752
0.896752
0.896752
0.896752
0.896752
0.896752
0.896752
0.896752
0.896752
0.896752
0.896752
0.896752
0.896752
0.896752
0.896752
0.896752
0.896752
0.896752
0.896752
0.896752
0.896752
0.896752
0.896752
0.896752
0.896752
0.896752
0.896752
0.896752
0.896752
0.896752
0.896752
0.896752
0.896752
0.896752
0.896752
0.896752
0.896752
0.896752
0.896752
0.896752
0.896752
0.896752
0.896752
0.896752
0.896752
0.896752
0.896752
0.896752
0.896752
0.896752
0.896752
0.896752
0.896752
0.896752
0.896752
0.896752
0.896752
0.896752
0.896752
0.896752
0.896752
0.896752
0.896752
0.896752
0.896752
0.896752
0.896752
0.896752
0.896752
0.896752
0.896752
0.896752
0.837615
0.835191
0.834707
0.832283
0.832283
0.832283
0.832768
0.833737
0.833253
0.834222
0.834222
0.833737
0.833737
0.833737
0.833253
0.833253
0.833253
0.833737
0.833253
0.833253
0.833737
0.834222
0.834707
0.834707
0.834707
0.834707
0.834707
0.834707
0.834707
0.835191
0.835191
0.835191
0.835191
0.835191
0.835191
0.835191
0.835676
0.836161
0.836161
0.836161
0.836161
0.836646
0.836646
0.836646
0.836646
0.837130
0.838100
0.838100
0.838100
0.838100
0.838100
0.838100
0.838100
0.838100
0.838100
0.838100
0.838585
0.838585
0.838585
0.838585
0.838585
0.838585
0.838585
0.838585
0.838585
0.838585
0.838585
0.838585
0.839069
0.839069
0.839069
0.839069
0.839069
0.839069
0.839069
0.839554
0.840524
0.840524
0.840524
0.840524
0.840524
0.840524
0.841008
0.841493
0.841493
0.841493
0.841493
0.841493
0.841493
0.841493
0.841978
0.841978
0.841978
0.841978
0.841978
0.842462
0.842462
0.842462
0.842462
0.842462
0.842462
0.842462
0.842462
0.842462
0.842462
0.842947
0.842947
0.842947
0.842947
0.843432
0.843432
0.843432
0.843432
0.843432
0.843917
0.843917
0.843917
0.843917
0.843917
0.843917
0.843917
0.843917
0.843917
0.843917
0.843917
0.844401
0.844401
0.844401
0.844401
0.844401
0.844886
0.845371
0.845371
0.845371
0.845371
0.845371
0.845371
0.844886
0.844886
0.844886
0.844886
0.844886
0.843917
0.843917
0.843917
0.843917
0.843917
0.843917
0.843917
0.843917
0.843917
0.843917
0.843917
0.843917
0.843917
0.843917
0.843917
0.843917
0.843917
0.843917
0.843917
0.843917
0.843917
0.843917
0.843917
0.843917
0.843917
0.843917
0.843917
0.843917
0.843917
0.843917
0.843917
0.843917
0.843917
0.843917
0.843917
0.843917
0.843917
0.843917
0.843917
0.843917
0.843432
0.842947
0.842947
0.842462
0.842462
0.842462
0.842462
0.842462
0.842462
0.842462
0.842462
0.842462
0.842462
0.842462
0.842462
0.842462
0.842462
0.842462
0.842462
0.842462
0.842462
0.842462
0.842462
0.842462
0.842462
0.842462
0.842462
0.842462
0.842462
0.841493
0.841493
0.841493
0.841493
0.841493
0.841493
0.841493
0.841493
0.841493
0.841493
0.841493
0.841493
0.841493
0.841493
0.840039
0.840039
0.840039
