0.245449
0.240763
0.236193
0.231682
0.227517
0.223682
0.220122
0.216842
0.213797
0.210949
0.208316
0.205885
0.203577
0.201318
0.199148
0.197076
0.195060
0.193109
0.191238
0.189428
0.187675
0.185972
0.184315
0.182690
0.181076
0.179483
0.177927
0.176396
0.174892
0.173413
0.171952
0.170504
0.169070
0.167645
0.166229
0.164825
0.163435
0.162065
0.160717
0.159394
0.158099
0.156824
0.155564
0.154322
0.153099
0.151892
0.150698
0.149520
0.148357
0.147212
0.146083
0.144969
0.143869
0.142784
0.141717
0.140666
0.139632
0.138613
0.137612
0.136629
0.135662
0.134711
0.133780
0.132868
0.131976
0.131102
0.130247
0.129411
0.128593
0.127790
0.127002
0.126227
0.125465
0.124714
0.123975
0.123251
0.122542
0.121848
0.121170
0.120505
0.119851
0.119209
0.118580
0.117965
0.117362
0.116773
0.116196
0.115632
0.115080
0.114540
0.114013
0.113498
0.112996
0.112504
0.112024
0.111556
0.111098
0.110650
0.110211
0.109781
0.109359
0.108946
0.108541
0.108146
0.107760
0.107383
0.107015
0.106658
0.106309
0.105969
0.105638
0.105315
0.105001
0.104693
0.104392
0.104096
0.103805
0.103519
0.103238
0.102962
0.102691
0.102425
0.102166
0.101912
0.101664
0.101423
0.101188
0.100959
0.100736
0.100519
0.100307
0.100101
0.099900
0.099704
0.099513
0.099326
0.099143
0.098965
0.098790
0.098620
0.098455
0.098293
0.098135
0.097981
0.097830
0.097682
0.097538
0.097396
0.097258
0.097122
0.096989
0.096859
0.096732
0.096607
0.096484
0.096364
0.096246
0.096130
0.096018
0.095908
0.095800
0.095695
0.095593
0.095492
0.095393
0.095296
0.095202
0.095108
0.095017
0.094927
0.094838
0.094752
0.094668
0.094585
0.094504
0.094425
0.094347
0.094271
0.094197
0.094124
0.094052
0.093982
0.093913
0.093845
0.093779
0.093713
0.093650
0.093587
0.093525
0.093465
0.093406
0.093347
0.093290
0.093234
0.093178
0.093124
0.093070
0.093017
0.092965
0.092914
0.092864
0.092815
0.092767
0.092720
0.092673
0.092627
0.092583
0.092539
0.092495
0.092453
0.092411
0.092370
0.092330
0.092290
0.092251
0.092213
0.092175
0.092138
0.092102
0.092066
0.092032
0.091998
0.091964
0.091931
0.091899
0.091868
0.091837
0.091806
0.091776
0.091747
0.091718
0.091689
0.091661
0.091633
0.091606
0.091579
0.091552
0.091526
0.091501
0.091476
0.091451
0.091427
0.091403
0.091380
0.091357
0.091334
0.091312
0.091290
0.091268
0.091246
0.091225
0.091204
0.091184
0.091164
0.091144
0.091124
0.091105
0.091086
0.091067
0.091049
0.091031
0.091013
0.090995
0.090978
0.090961
0.090944
0.090928
0.090912
0.090896
0.090880
0.090864
0.090849
0.090834
0.090819
0.090804
0.090790
0.090776
0.090762
0.090748
0.090735
0.090722
0.090708
0.090696
0.090683
0.090670
0.090658
0.090646
0.090634
0.090622
0.090611
0.090599
0.090588
0.090577
0.090566
0.090555
0.090544
0.090534
0.090523
0.090513
0.090503
0.090493
0.090483
0.090474
0.090464
0.090455
0.090445
0.090436
0.090427
0.090418
0.090409
0.090401
0.090392
0.090384
0.090375
0.090367
0.090359
0.090351
0.090343
0.090335
0.090327
0.090319
0.090312
0.090304
0.090297
0.090290
0.090282
0.090275
0.090268
0.090261
0.090254
0.090247
0.090241
0.090234
0.090228
0.090221
0.090215
0.090208
0.090202
0.090196
0.090190
0.090184
0.090178
0.090172
0.090166
0.090160
0.090154
0.090149
0.090143
0.090137
0.090132
0.090126
0.090121
0.090116
0.090111
0.090105
0.090100
0.090095
0.090090
0.090085
0.090080
0.090075
0.090071
0.090066
0.090061
0.090056
0.090052
0.090047
0.090043
0.090038
0.090034
0.090029
0.090025
0.090021
0.090017
0.090012
0.090008
0.090004
0.090000
0.089996
0.089992
0.089988
0.089984
0.089980
0.089976
0.089972
0.089968
0.089965
0.089961
0.089957
0.089954
0.089950
0.089946
0.089943
0.089939
0.089936
0.089932
0.089929
0.089926
0.089922
0.089919
0.089916
0.089913
0.089910
0.089907
0.089904
0.089901
0.089898
0.089895
0.089892
0.089889
0.089886
0.089883
0.089880
0.089877
0.089875
0.089872
0.089869
0.089866
0.089864
0.089861
0.089858
0.089856
0.089853
0.089850
0.089848
0.089845
0.089843
0.089840
0.089838
0.089835
0.089832
0.089830
0.089827
0.089825
0.089822
0.089820
0.089817
0.089815
0.089813
0.089810
0.089808
0.089805
0.089803
0.089800
0.089798
0.089795
0.089793
0.089790
0.089788
0.089785
0.089783
0.089781
0.089778
0.089776
0.089773
0.089771
0.089768
0.089766
0.089764
0.089761
0.089759
0.089756
0.089754
0.089752
0.089750
0.089747
0.089745
0.089743
0.089740
0.089738
0.089736
0.089734
0.089732
0.089730
0.089727
0.089725
0.089723
0.089721
0.089719
0.089717
0.089715
0.089713
0.089711
0.089709
0.089707
0.089705
0.089703
0.089701
0.089699
0.089697
0.089695
0.089693
0.089691
0.089689
0.089687
0.089686
0.089684
0.089682
0.089680
0.089678
0.089676
0.089674
0.089672
0.089671
0.089669
0.089667
0.089665
0.089663
0.089661
0.089659
0.089657
0.089656
0.089654
0.089652
0.089650
0.089648
0.089646
0.089644
0.089642
0.089640
0.089638
0.089636
0.089634
0.089632
0.089630
0.089628
0.089626
0.089625
0.089623
0.089621
0.089619
0.089617
0.089615
0.089613
0.089611
0.089609
0.089607
0.089605
0.089603
0.089601
0.089599
0.089597
0.089595
0.089593
0.089591
0.089589
0.089587
0.089585
0.089583
0.089582
0.089580
0.089578
0.089576
0.089574
0.089572
0.089570
0.089568
0.089566
0.089565
0.089563
0.089561
0.089559
0.089557
0.089556
0.089554
0.089552
0.089550
0.089549
0.089547
0.089545
0.089543
0.089542
0.089540
0.089538
0.089537
0.089535
0.089533
0.089532
0.089530
0.089528
0.089527
0.089525
0.089524
0.089522
0.089521
0.089519
0.089517
0.089516
0.089514
0.089513
0.089511
0.089510
0.089509
0.089507
0.089506
0.089504
0.089503
0.089501
0.089500
0.089499
0.089497
0.089496
0.089494
0.089493
0.089492
0.089490
0.089489
0.089488
0.089486
0.089485
0.089483
0.089482
0.089481
0.089479
0.089478
0.089477
0.089475
0.089474
0.089472
0.089471
0.089469
0.089468
0.089467
0.089465
0.089464
0.089462
0.089461
0.089459
0.089458
0.089456
0.089455
0.089453
0.089452
0.089450
0.089449
0.089447
0.089446
0.089444
0.089443
0.089441
0.089440
0.089438
0.089437
0.089435
0.089434
0.089432
0.089431
0.089430
0.089428
0.089427
0.089425
0.089424
0.089423
0.089421
0.089420
0.089419
0.089418
0.089416
0.089415
0.089414
0.089412
0.089411
0.089410
0.089409
0.089408
0.089406
0.089405
0.089404
0.089403
0.089402
0.089400
0.089399
0.089398
0.089397
0.089396
0.089395
0.089393
0.089392
0.089391
0.089390
0.089389
0.089388
0.089387
0.089385
0.089384
0.089383
0.089382
0.089381
0.089380
0.089378
0.089377
0.089376
0.089375
0.089374
0.089373
0.089371
0.089370
0.089369
0.089368
0.089367
0.089366
0.089364
0.089363
0.089362
0.089361
0.089360
0.089359
0.089357
0.089356
0.089355
0.089354
0.089353
0.089351
0.089350
0.089349
0.089348
0.089347
0.089346
0.089344
0.089343
0.089342
0.089341
0.089340
0.089338
0.089337
0.089336
0.089335
0.089333
0.089332
0.089331
0.089330
0.089328
0.089327
0.089326
0.089325
0.089323
0.089322
0.089321
0.089320
0.089318
0.089317
0.089316
0.089315
0.089313
0.089312
0.089311
0.089310
0.089309
0.089308
0.089306
0.089305
0.089304
0.089303
0.089302
0.089301
0.089299
0.089298
0.089297
0.089296
0.089295
0.089294
0.089292
0.089291
0.089290
0.089289
0.089288
0.089286
0.089285
0.089284
0.089283
0.089281
0.089280
0.089279
0.089278
0.089277
0.089275
0.089274
0.089273
0.089272
0.089270
0.089269
0.089268
0.089266
0.089265
0.089264
0.089263
0.089261
0.089260
0.089259
0.089257
0.089256
0.089255
0.089253
0.089252
0.089251
0.089249
0.089248
0.089247
0.089245
0.089244
